10022809
10022864
10022881
10026227
10029520
10064600
10066822
10075927
10085120
10101227
10187783
10200552
10202034
10206340
10207066
10212189
10212283
10218497
10220378
10223185
10224067
10228165
10230788
10231436
10319729
10320787
10329651
10331740
10336426
10340949
10347227
10353733
10355597
10359012
10366004
10374718
10383391
10383826
10391681
10395673
10397243
10419510
10437773
10438480
10441479
10449033
10454518
10462047
10463587
10464319
10467349
10467423
10471813
10487526
10491326
10496957
10506137
10506143
10508274
10511112
10521505
10523642
10528214
10559486
10567356
10567572
10570055
10572094
10581407
10585423
10593906
10593952
10595939
10597296
10601295
10602516
10620604
10639586
10644049
10644709
10648896
10650934
10654934
10667594
10669748
10672008
10675481
10698166
10702794
10704932
10705989
10713157
10719239
10727406
10727635
10734112
10769637
10806218
10811114
10811224
10823417
10825181
10827343
10839298
10840014
10859214
10864208
10865940
10866678
10867642
10872818
10874022
10874044
10880347
10900180
10906215
10913135
10914742
10925255
10946297
10962206
10964950
10978313
10982848
10983895
10987998
10993748
10998365
11001759
11012613
11024282
11043575
11045949
11051267
11053415
11056005
11062067
11063869
11076965
11077051
11077443
11082292
11085519
11085983
11090594
11093778
11103806
11108246
11108663
11112081
11121042
11121427
11123200
11134000
11139391
11139479
11154209
11157052
11157751
11158266
11160206
11170260
11170843
11179198
11180393
11181820
11208715
11208906
11259632
11264168
11278263
11278279
11278727
11278771
11278789
11278799
11279197
11279232
11290295
11290748
11303755
11306698
11312036
11313405
11315098
11322649
11323415
11325585
11325962
11326313
11327694
11350959
11355693
11356687
11358932
11360927
11394874
11396136
11402040
11408560
11408617
11416155
11417847
11432804
11432831
11435459
11446828
11448159
11451946
11451947
11459204
11466617
11489834
11494044
11494141
11522656
11525640
11525743
11527387
11530010
11535608
11549352
11553624
11564864
11571020
11571295
11583816
11592233
11592942
11595038
11595338
11597778
11598011
11602589
11606564
11641785
11678607
11696464
11696540
11700306
11707464
11709198
11717429
11723054
11744159
11756236
11777913
11781386
11790785
11792626
11804328
11848492
11856743
11865055
11880182
11884386
11888895
11888903
11895866
11896587
11927016
11927590
11927625
11927626
11933078
11943162
11943212
11948414
11948429
11956220
11956592
11961130
11966323
11978547
11983683
11984527
11986211
11992642
12006175
12008117
12009850
12014623
12016632
12040039
12048196
12058028
12065326
12079429
12091247
12093155
12101183
12121974
12145097
12145106
12151316
12161751
12176128
12186882
12206715
12213570
12221076
12223450
12226747
12244106
12354774
12361807
12375679
12376563
12377986
12393755
12401808
12401814
12417588
12421350
12426127
12426318
12427758
12435397
12435809
12438768
12445686
12447443
12460191
12481429
12482023
12503078
12509925
12514174
12517805
12529425
12534344
12538493
12556535
12562765
12566125
12574163
12600999
12601065
12606553
12606757
12618338
12618707
12618755
12624093
12637525
12641726
12642504
12651633
12659851
12663441
12663499
12663671
12665247
12665585
12667793
12669350
12671299
12681294
12689591
12689679
12694196
12697808
12707267
12711323
12714513
12723971
12730670
12756228
12760970
12761036
12761120
12763858
12788213
12788955
12802179
12810851
12821118
12821650
12821940
12822514
12832460
12837923
12843210
12846416
12853963
12857751
12858332
12859971
12878490
12881422
12892836
12898508
12903443
12910478
12917434
12926238
12938159
12947156
12963725
12968034
12970763
14505347
14508103
14512277
14512437
14514687
14517246
14520687
14521057
14522843
14532296
14551673
14555208
14565943
14567627
14567996
14568164
14570908
14576193
14578290
14579416
14583480
14597233
14597424
14603526
14612554
14632935
14638727
14657393
14685158
14688199
14688474
14690764
14701702
14704147
14704277
14705642
14707549
14724588
14766793
14963018
14963412
14972450
14975446
14975736
14977522
14977638
14981547
14981905
14997018
14997384
15001534
15009134
15009668
15013949
15026281
15040011
15047827
15059850
15067018
15087508
15122339
15125785
15126250
15126504
15130764
15132830
15135318
15141161
15141164
15150444
15159407
15163555
15166226
15170815
15171707
15172983
15182247
15184882
15191555
15192015
15194466
15197348
15199052
15207722
15228592
15254724
15256485
15257182
15260977
15261768
15262983
15270080
15271995
15274293
15302569
15304095
15313173
15320915
15336502
15337265
15340045
15349859
15349860
15349870
15349871
15350216
15362974
15365248
15375216
15380027
15383272
15387956
15448167
15455341
15456738
15457547
15474087
15492006
15492285
15493960
15494423
15494689
15498796
15504737
15505171
15513899
15525661
15527495
15531923
15536542
15541303
15541309
15542245
15545623
15546960
15550455
15550563
15556627
15557435
15557436
15567863
15572410
15572687
15596610
15611045
15611127
15619694
15626722
15629131
15640073
15642137
15655348
15656798
15665047
15669141
15670787
15673436
15680455
15680456
15680457
15693750
15695308
15708859
15713276
15726496
15728539
15732108
15735102
15739188
15739222
15748896
15757900
15761031
15777834
15778501
15785866
15788689
15797868
15816869
15824318
15825184
15826936
15829561
15831527
15831571
15837794
15852371
15854513
15856404
15860507
15867147
15876334
15878397
15880419
15880572
15880653
15888553
15908180
15911092
15924871
15925109
15936221
15944381
15949699
15955629
15955953
15955954
15958730
15964800
15970430
15970950
15971988
15976518
15987681
15988011
15992372
15998799
15999997
16000625
16005241
16009891
16018989
16024641
16041517
16043490
16044154
16046032
16061660
16075464
16076871
16079129
16081470
16081677
16084064
16087219
16099454
16101141
16102999
16105650
16123438
16126734
16140012
16143311
16149095
16153499
16157589
16157901
16157908
16157909
16158421
16163009
16166642
16172858
16176806
16179113
16179393
16179969
16186332
16207731
16226715
16237059
16237070
16240353
16243488
16247070
16250030
16254323
16254973
16256366
16257123
16269443
16269541
16272164
16272172
16272257
16278378
16280683
16282370
16297712
16298482
16307741
16309174
16314504
16317159
16321986
16322078
16324699
16333314
16336636
16337120
16339571
16342327
16352719
16354302
16364464
16374521
16374858
16381010
16385079
16397234
16397903
16401616
16407847
16409550
16412424
16427328
16431847
16434843
16437559
16437584
16445569
16446354
16446428
16449085
16458870
16461357
16466687
16467219
16469705
16475687
16475830
16482571
16487147
16492740
16504409
16511860
16516830
16516943
16518329
16519786
16528474
16529740
16532471
16533805
16533964
16547921
16549498
16551653
16557301
16565381
16568437
16571730
16571763
16579967
16600107
16602113
16606357
16614029
16618812
16621662
16622854
16622859
16624391
16627484
16632201
16632486
16632518
16633828
16634032
16639284
16642930
16643318
16643899
16671078
16672650
16672980
16672981
16675017
16687388
16699726
16700027
16702191
16705697
16715131
16717248
16723731
16728648
16731746
16733740
16739127
16750377
16750929
16755580
16758483
16764826
16765894
16769864
16771680
16771836
16777994
16778183
16781064
16795042
16798728
16804009
16805805
16807293
16815888
16817197
16817231
16818881
16818890
16824735
16825191
16831515
16831600
16838270
16845490
16850740
16854050
16864581
16865326
16870263
16889436
16908747
16919597
16919867
16927023
16928811
16930563
16938835
16938889
16939701
16940353
16942465
16949803
16950138
16960813
16966406
16966501
16966502
16966503
16966681
16969075
16969854
16973441
16973625
16973888
16979204
16979778
16980962
16982329
16983342
16984892
16984917
16989807
16989819
16991141
17000703
17003331
17003459
17007835
17010972
17013904
17015265
17015681
17017535
17019612
17020475
17020748
17021400
17023523
17024969
17030510
17030667
17038326
17044089
17045576
17048120
17050822
17052189
17052850
17054907
17055324
17055484
17055752
17056565
17057737
17060589
17061159
17064355
17064949
17065197
17070905
17074809
17075267
17078063
17080443
17083102
17084972
17095157
17097110
17098211
17101029
17105733
17107797
17112694
17114044
17115391
17116211
17120249
17137507
17141510
17149706
17149720
17149721
17149743
17151837
17154281
17172567
17178870
17178917
17179858
17180058
17183462
17185352
17187665
17189706
17194451
17194588
17197172
17200152
17202228
17202416
17210620
17210697
17215492
17216639
17218956
17219214
17222106
17222580
17222866
17225181
17230458
17235449
17239858
17240529
17250426
17253937
17255564
17260336
17260967
17263905
17264303
17267121
17283057
17284179
17285172
17292858
17292881
17299793
17301952
17308059
17324517
17325029
17331202
17333127
17337450
17341485
17346966
17347585
17352347
17353388
17361012
17362513
17365404
17365667
17366784
17374178
17384285
17385669
17388783
17388990
17389931
17394548
17395370
17395718
17400507
17400550
17406061
17408985
17409193
17411352
17412603
17415511
17416736
17416798
17419834
17427941
17433753
17442267
17447891
17448897
17449011
17457054
17459703
17463001
17463161
17464209
17469194
17482357
17485529
17486086
17492777
17498648
17500068
17507094
17510397
17510710
17512502
17523199
17525747
17540608
17541429
17545598
17550900
17555943
17557243
17560653
17561491
17563363
17565996
17567565
17567906
17568014
17568197
17568772
17568996
17569628
17573344
17575268
17579517
17583492
17584768
17590997
17591974
17596714
17603935
17611037
17614198
17614947
17621270
17622782
17623048
17625107
17628610
17636410
17637226
17637567
17637928
17639429
17647244
17656449
17659642
17660698
17664270
17678631
17699800
17706965
17707122
17719230
17720133
17720280
17724286
17726045
17727652
17728104
17766179
17766365
17785464
17785791
17786354
17786366
17803032
17803033
17804834
17846503
17846883
17875713
17875734
17880562
17893331
17906618
17908987
17914064
17914725
17914726
17916901
17923521
17928956
17938369
17949412
17950257
17959047
17960343
17960808
17962441
17967471
17967733
17971075
17973977
17975812
17978862
17981552
17982256
17983584
17987264
17988632
17989306
17996917
17999435
18003639
18007661
18008069
18021073
18026729
18029079
18031932
18032450
18032781
18036196
18041647
18045479
18045590
18060575
18068301
18078968
18082135
18084321
18093981
18096574
18097693
18098275
18163459
18164817
18166327
18177823
18182054
18182393
18197194
18198396
18199680
18199990
18200059
18201193
18201824
18207396
18210841
18211709
18211965
18213618
18214993
18218673
18218782
18218857
18230723
18230735
18234971
18234997
18239286
18241324
18243142
18251700
18253818
18256527
18257932
18258746
18261714
18265005
18269178
18270588
18272143
18272292
18272822
18281123
18281515
18281516
18281606
18286320
18287089
18293403
18295200
18299661
18307263
18307971
18309325
18312657
18313304
18313930
18316234
18322234
18322385
18322396
18323734
18329316
18330912
18332871
18334556
18337475
18337586
18342564
18348256
18353371
18356158
18358451
18359116
18367605
18371080
18372043
18373739
18374905
18376144
18378882
18379513
18384124
18394670
18395787
18396067
18397367
18397888
18398669
18403180
18403612
18404518
18410309
18412265
18420242
18431843
18434642
18435766
18435914
18439101
18439917
18443042
18443288
18445495
18450497
18469002
18469032
18473170
18484993
18486349
18486448
18486522
18495756
18496192
18502015
18505586
18511035
18511044
18523126
18523712
18523722
18523869
18524773
18524835
18528680
18539534
18539535
18540044
18541008
18541801
18544642
18544747
18545666
18546294
18550701
18552402
18560593
18570213
18570871
18571718
18571719
18574142
18584234
18586278
18593901
18594007
18607069
18617409
18620777
18621566
18625195
18634852
18636174
18639962
18641674
18643872
18644660
18644994
18649400
18650245
18650843
18650931
18651223
18661553
18663379
18664374
18664596
18665323
18666320
18666856
18675330
18675914
18684450
18685134
18687349
18687899
18687901
18691550
18692129
18694803
18701682
18701920
18703144
18703517
18704525
18715269
18716286
18716801
18718805
18752982
18758060
18759352
18769111
18772342
18773087
18778281
18781329
18784814
18785048
18785233
18785635
18790059
18796617
18799731
18803253
18804399
18805725
18809839
18822271
18836136
18836180
18838382
18838864
18840412
18846504
18849464
18852255
18853132
18923807
18926830
18927607
18932217
18936941
18941544
18941904
18950899
18952485
18952597
18957282
18971923
18973254
18980856
18981136
18983820
18983847
18985031
18986508
18986509
19001729
19006185
19006224
19011679
19015299
19016586
19020907
19026158
19027715
19029119
19029519
19033664
19035854
19038850
19041150
19041274
19043087
19046406
19048081
19048950
19053047
19056353
19056458
19056926
19056984
19060920
19063863
19066313
19071018
19071114
19074147
19076219
19076428
19082428
19087301
19088817
19097143
19098423
19099751
19104444
19108709
19112505
19116364
19116455
19118185
19137424
19139432
19140343
19142195
19147541
19152501
19153595
19154403
19154785
19156451
19166511
19166818
19167327
19167501
19172321
19176810
19178296
19184368
19184369
19196711
19196961
19201899
19204086
19205068
19211293
19214245
19214605
19224617
19224863
19225574
19229105
19242547
19243309
19249395
19249476
19251702
19255643
19258436
19270500
19270741
19271991
19273441
19276113
19279012
19280714
19282869
19283415
19285945
19289169
19299915
19301097
19302196
19303774
19306499
19308469
19309583
19320994
19327989
19337026
19339050
19339353
19342597
19343804
19351622
19352384
19353692
19357115
19358826
19372294
19380768
19394399
19397818
19397894
19400946
19405094
19410630
19412725
19420015
19426870
19428781
19429112
19430970
19433784
19455716
19458969
19464336
19472409
19473361
19477222
19478459
19483316
19484134
19486916
19489756
19492057
19492085
19494316
19496992
19499154
19500570
19502798
19503083
19504719
19513331
19523245
19525941
19526344
19527717
19527940
19535993
19536328
19538213
19540902
19544333
19545277
19546216
19549188
19549522
19555448
19555659
19555823
19559761
19562775
19567397
19567513
19576176
19578554
19589256
19596001
19605737
19607816
19609503
19609669
19614923
19615338
19616091
19620725
19625296
19625511
19633975
19638343
19638579
19640773
19640926
19647037
19661463
19664626
19667187
19669889
19670268
19672984
19675674
19679562
19680143
19681889
19684592
19686584
19690982
19692353
19693773
19694908
19699188
19704783
19710465
19712061
19713213
19724920
19726410
19728757
19733152
19733546
19735093
19735094
19740074
19741132
19758340
19760259
19760337
19763793
19766599
19766627
19767119
19768117
19769964
19770575
19771218
19776730
19780893
19781641
19782079
19782127
19786019
19786829
19787236
19796537
19800393
19806201
19808375
19812189
19815093
19815446
19815509
19816657
19819984
19822161
19822953
19823038
19824698
19826009
19833102
19833164
19835856
19836435
19837872
19841069
19847307
19847793
19852986
19854095
19859982
19861173
19864026
19878656
19879329
19879924
19880420
19885391
19889566
19890007
19890352
19890973
19892012
19895857
19900397
19903772
19904745
19909785
19910452
19912990
19913011
19915575
19915576
19918364
19925854
19932085
19938068
19944115
19944740
19945406
19945510
19956440
19956695
19958640
19959994
19966284
19995368
19996270
19997066
20001906
20004703
20008657
20013014
20016100
20018409
20018857
20018961
20022176
20022934
20024934
20025124
20025870
20027304
20031277
20032511
20034704
20036849
20041156
20043101
20043263
20043722
20043906
20045449
20049710
20056910
20057503
20061376
20061544
20064381
20064389
20065035
20067578
20068160
20068297
20069553
20074581
20074637
20079710
20080940
20082487
20082663
20083000
20087369
20090955
20094041
20096264
20096283
20096956
20098416
20102732
20106899
20108944
20118996
20126261
20127702
20127819
20129250
20129490
20130188
20132804
20136087
20138958
20139300
20141529
20144646
20145294
20146068
20146535
20149257
20150185
20153330
20159963
20164189
20167866
20171192
20173330
20173332
20175116
20177695
20179104
20182943
20185286
20186690
20187245
20188821
20192217
20194754
20196785
20197411
20197701
20200353
20200402
20205471
20206247
20230279
20231429
20231445
20231852
20232069
20308057
20333651
20336681
20348387
20353950
20354187
20356854
20376796
20382224
20383334
20383463
20386743
20399249
20403420
20404107
20404936
20411780
20411785
20414585
20421934
20424582
20432455
20434426
20436222
20443975
20446020
20447464
20452680
20457918
20457924
20463056
20464527
20466724
20473834
20478617
20483355
20483373
20483637
20484984
20484985
20490718
20492175
20493825
20493972
20495362
20498032
20501323
20501447
20508036
20508646
20513816
20515039
20517466
20522023
20525557
20534829
20538053
20541731
20544233
20545633
20547144
20547488
20552320
20558144
20558266
20558290
20560114
20562007
20566370
20566634
20581097
20586759
20594188
20595391
20595622
20600915
20602268
20604804
20607337
20615195
20619260
20621541
20624856
20626563
20627232
20628148
20629711
20633641
20637729
20639397
20642453
20659021
20659558
20669299
20669305
20669327
20670675
20671708
20673835
20673920
20689985
20690902
20696317
20697346
20697350
20698836
20698853
20701602
20708668
20720502
20721910
20721913
20721915
20721916
20722494
20724841
20727382
20727385
20728949
20729864
20795948
20798600
20799280
20799933
20804750
20806045
20810567
20814571
20817094
20818610
20818658
20818670
20834068
20837857
20839800
20840863
20842103
20846475
20848085
20850369
20853680
20855122
20855887
20871098
20874679
20876399
20881132
20888798
20921534
20926611
20926661
20933457
20939017
20939082
20940149
20943958
20944115
20945381
20949042
20955203
20955590
20961603
20971498
20974802
20975909
20976090
21038656
21044948
21048939
21056076
21057624
21057855
21060682
21073465
21084431
21089054
21092208
21092323
21095239
21106530
21112663
21112785
21115803
21115957
21116127
21122381
21126574
21131737
21132068
21134294
21135226
21138942
21139416
21145388
21145826
21147754
21148294
21151574
21151955
21152001
21159781
21159966
21162712
21167764
21168496
21176992
21177249
21182828
21187326
21187332
21188226
21191018
21192737
21195752
21212857
21220347
21221623
21229621
21242281
21244648
21248115
21249202
21252690
21255018
21255093
21261310
21262209
21263197
21266669
21268080
21268244
21269961
21270260
21276204
21277991
21280089
21282468
21292315
21297631
21300982
21305250
21305529
21307259
21312039
21312285
21314482
21317550
21317887
21322020
21338444
21350193
21350211
21351207
21355049
21362567
21364637
21366594
21370995
21378983
21383048
21384452
21385841
21390248
21391979
21394810
21399655
21402598
21405100
21406170
21406209
21406225
21406557
21408142
21408612
21412835
21412950
21419123
21420233
21420390
21420785
21421046
21423457
21426348
21434327
21437181
21438496
21443920
21450974
21454543
21460183
21461383
21462327
21465277
21465527
21471541
21474311
21474650
21476119
21477071
21483109
21489792
21492167
21493862
21494637
21504582
21505995
21508222
21511009
21520062
21521634
21524690
21524885
21525288
21526344
21534944
21538317
21538529
21540183
21542012
21551065
21552986
21554928
21554942
21557999
21559841
21562587
21570836
21573799
21575680
21585556
21603132
21603187
21604193
21606348
21607803
21611983
21613270
21621526
21632271
21636835
21637291
21641848
21647997
21658364
21658387
21660049
21660516
21660957
21661047
21664222
21664494
21672589
21678498
21680774
21686713
21687805
21689057
21690090
21694775
21695257
21695758
21696411
21698001
21698186
21699405
21700586
21704337
21710359
21712955
21714887
21719998
21720016
21722320
21725989
21725994
21726611
21726807
21738487
21738687
21743139
21745187
21748763
21749573
21750112
21750224
21751384
21753159
21753163
21755010
21761364
21767321
21768216
21768365
21770460
21771792
21775433
21779429
21779479
21787598
21790671
21795032
21796139
21799120
21799870
21806997
21810225
21811019
21812418
21812969
21816655
21824499
21826704
21828077
21829596
21832171
21837367
21839715
21850687
21853067
21856198
21857923
21858031
21859479
21860779
21862560
21863240
21865844
21866175
21870110
21871441
21882074
21885347
21892199
21898123
21909619
21911753
21913972
21922152
21922632
21924942
21925922
21930071
21930791
21941371
21943286
21943346
21945539
21946115
21946334
21954089
21959042
21959987
21960214
21961647
21964465
21968131
21968197
21972245
21983832
21984578
21989109
21989859
22004089
22004453
22004719
22008525
22012698
22012985
22013805
22019052
22023810
22025552
22025571
22028146
22031823
22031940
22033678
22038020
22038903
22039170
22043175
22043288
22047502
22048463
22048964
22051242
22051934
22052941
22056842
22068148
22076283
22078873
22078885
22080837
22082870
22082871
22088537
22098419
22102286
22108336
22110348
22110360
22118943
22126015
22127926
22130243
22147015
22152108
22154298
22154837
22155232
22155741
22161830
22162019
22170881
22171073
22171160
22172327
22173128
22182512
22184250
22185776
22194196
22198506
22202974
22204929
22205926
22206897
22212430
22212487
22223879
22228096
22230652
22232350
22233331
22235415
22238344
22242018
22242953
22243833
22247071
22247602
22249269
22251894
22253261
22264292
22265660
22279582
22280891
22281292
22282237
22284361
22300272
22301813
22301916
22302802
22302822
22303461
22308028
22314276
22315971
22316675
22318091
22319455
22323743
22326704
22331607
22334674
22335604
22335897
22342752
22342962
22345427
22351776
22353563
22354088
22354990
22357653
22361618
22363216
22363314
22366412
22367142
22367315
22371095
22377733
22377968
22378780
22384127
22388932
22390486
22392694
22393355
22396657
22398207
22401993
22402722
22407749
22409343
22411094
22412198
22415848
22418733
22423108
22424736
22427796
22431523
22433003
22433811
22434215
22435755
22437494
22438815
22440772
22441017
22441692
22442429
22445250
22446103
22454293
22454661
22459175
22461429
22464013
22466546
22470386
22470469
22476848
22491413
22493087
22496813
22496842
22496975
22503729
22506991
22508279
22511790
22512027
22514650
22525366
22526373
22528366
22528797
22534020
22534828
22537880
22539006
22539619
22547060
22551018
22563296
22563476
22567899
22568706
22569410
22573572
22580043
22581678
22582012
22585571
22591441
22605923
22606974
22607035
22609250
22612223
22614924
22615491
22615783
22616849
22630785
22634372
22634477
22639965
22641035
22643835
22644775
22644786
22645651
22647713
22649237
22652643
22653599
22655080
22658533
22661329
22661957
22662171
22668778
22669510
22675361
22684232
22688338
22689214
22689969
22691499
22696236
22703868
22710975
22713584
22723946
22724072
22728154
22735370
22736029
22739161
22747786
22749809
22758221
22761932
22763023
22764206
22773119
22775755
22775762
22778214
22781654
22786590
22802446
22806088
22807119
22807999
22824191
22832498
22842796
22848108
22848813
22850484
22852817
22858099
22863203
22864750
22865631
22870247
22872702
22885131
22894569
22897701
22899650
22899934
22910362
22914317
22914360
22914740
22914834
22915595
22916958
22920299
22931754
22935704
22937108
22940059
22946646
22949503
22952686
22952710
22959632
22960331
22961085
22964832
22965801
22971638
22982090
22985112
22988879
22989520
22998859
22998870
23013868
23015701
23017109
23019516
23020677
23028814
23045269
23046676
23047924
23053055
23054084
23054611
23055502
23055787
23055790
23060438
23062841
23063710
23065705
23066449
23073962
23074843
23075850
23077213
23082216
23109342
23109410
23110196
23115130
23116265
23119170
23123778
23124679
23125018
23125283
23139803
23142567
23142606
23142618
23142626
23144451
23155249
23165879
23166621
23181759
23182315
23183827
23190742
23191987
23196607
23200807
23201404
23203961
23212910
23219325
23219847
23220480
23221979
23223177
23223444
23226105
23227859
23231918
23238720
23241358
23241745
23244239
23251494
23251830
23255093
23255592
23256036
23260578
23261432
23261939
23267366
23268184
23268655
23269615
23270607
23273084
23274568
23276252
23285802
23295771
23295946
23300640
23303188
23304202
23305081
23313576
23313773
23318290
23318930
23319602
23325906
23327547
23328674
23329067
23333799
23334666
23335977
23340200
23341606
23343326
23348839
23352510
23353699
23357204
23359252
23361001
23365451
23371376
23379419
23380027
23380689
23383394
23393160
23395366
23395371
23396088
23396536
23410953
23412386
23416355
23418897
23421816
23426157
23427184
23428746
23431332
23437203
23440919
23449626
23451207
23453068
23454015
23454192
23454196
23454483
23455607
23457506
23459931
23461035
23466072
23472196
23472874
23485457
23497782
23498974
23503661
23505448
23507417
23509287
23512893
23515333
23516562
23518277
23519076
23523076
23525905
23526378
23529190
23531835
23533608
23537747
23540285
23550028
23551430
23552851
23553804
23554085
23555273
23557251
23560246
23560750
23564507
23575457
23575688
23577227
23578643
23580093
23580245
23582328
23582786
23582787
23585120
23585721
23588498
23591817
23593480
23600457
23603344
23615449
23616242
23619718
23620051
23623642
23624603
23626584
23628791
23634759
23637640
23638067
23645742
23646112
23646480
23650533
23651603
23651848
23664753
23664880
23670163
23675277
23675505
23678002
23681749
23682782
23688429
23690850
23698120
23711068
23711354
23721786
23721803
23726462
23726718
23728448
23735482
23742695
23745250
23747310
23751051
23751758
23754282
23754980
23755096
23764467
23765085
23768694
23768909
23770030
23771023
23771111
23772688
23774252
23776368
23776530
23791078
23792175
23797008
23799078
23804577
23806038
23813973
23816533
23816567
23816973
23820587
23832115
23844083
23844614
23845990
23847046
23852435
23862017
23867819
23880019
23882257
23884438
23885119
23886663
23890137
23891858
23894530
23898514
23903969
23906405
23907041
23909626
23913756
23916259
23916833
23920272
23921964
23924436
23924694
23932063
23933736
23933751
23935950
23936174
23936587
23937259
23937295
23938256
23938344
23940799
23949442
23953104
23953109
23955962
23959866
23962496
23962703
23962723
23963289
23963453
23963642
23963789
23967090
23977412
23981301
23983799
23986421
23987666
23996594
24000005
24001752
24002066
24003133
24005319
24009736
24015287
24018986
24023291
24026569
24027110
24030148
24037431
24037540
24037783
24038215
24040382
24044867
24045233
24046064
24046278
24046356
24055030
24064060
24064392
24069158
24071720
24075852
24075941
24080176
24084685
24088173
24093560
24095219
24098582
24103647
24104352
24104553
24113872
24117733
24120734
24121706
24123150
24127566
24128678
24130815
24134609
24148854
24149440
24149988
24151868
24157858
24157867
24161480
24165324
24167038
24167364
24167564
24176932
24183702
24184208
24184327
24189060
24192129
24199734
24210125
24211199
24211391
24213573
24216760
24218364
24223632
24239623
24239640
24241507
24243757
24244323
24244431
24244710
24247223
24248985
24250222
24251390
24251413
24252081
24253317
24253595
24255677
24257757
24269611
24269637
24269915
24270810
24275094
24275654
24278357
24282027
24286120
24287977
24288566
24292834
24293362
24295651
24296261
24308485
24309182
24311790
24312256
24312605
24313877
24319646
24324558
24324973
24335928
24339771
24339940
24339985
24351557
24351927
24352421
24354345
24355527
24357540
24357652
24360742
24361597
24374061
24374372
24375786
24383081
24385196
24388750
24391672
24392637
24394546
24395444
24397781
24397909
24398085
24398127
24398657
24403142
24404139
24406113
24406377
24407237
24412522
24413802
24414258
24421392
24427314
24434512
24434780
24435585
24437486
24438216
24441527
24446486
24447840
24452053
24459295
24463014
24464040
24465451
24471704
24471892
24473149
24475098
24475223
24479685
24482120
24486572
24487387
24488318
24496098
24496382
24497447
24502696
24507254
24510324
24510904
24513209
24530998
24532982
24553947
24556602
24556843
24559171
24559644
24565865
24569479
24570488
24576675
24587321
24589569
24591621
24606795
24608439
24608675
24610935
24616552
24617573
24618100
24621334
24626144
24626860
24631561
24633735
24634111
24635079
24635351
24638078
24641548
24641665
24647965
24648008
24651600
24652679
24652937
24653658
24657322
24657357
24658158
24658355
24660806
24669285
24671417
24673683
24677602
24681957
24682598
24687852
24690739
24694792
24695735
24703837
24704364
24705900
24718285
24720843
24723997
24725399
24725412
24727493
24728465
24729340
24733019
24735948
24741394
24741977
24742361
24743735
24743742
24751536
24751806
24754922
24757835
24758914
24762600
24763871
24768297
24769730
24777780
24777975
24778241
24778451
24784582
24788225
24792327
24792928
24794857
24798695
24800761
24802135
24804810
24806840
24810053
24813611
24816003
24819198
24830390
24833599
24836358
24838066
24842889
24844147
24849765
24850235
24854799
24859325
24863511
24870025
24873968
24874075
24874806
24875782
24878071
24879156
24885928
24886454
24889144
24893993
24895120
24895406
24896179
24898855
24899703
24900567
24901221
24901249
24901709
24902855
24903616
24904275
24904316
24905317
24906799
24906853
24907869
24912190
24915969
24915984
24916379
24917786
24918202
24918286
24919816
24927544
24928900
24938188
24942733
24944636
24946738
24947113
24947832
24949580
24956536
24959268
24962176
24963491
24966472
24967690
24967965
24968898
24969022
24971582
24973489
24973808
24983249
24988221
24989893
24991824
24991831
24993787
24997548
24999239
25000966
25009464
25009774
25010483
25017139
25033895
25037286
25040725
25052713
25058378
25060553
25062774
25062988
25064435
25066354
25070841
25071441
25076905
25077544
25080504
25083992
25088558
25091506
25092611
25093547
25098198
25099621
25103967
25106631
25107341
25108683
25109277
25113930
25118928
25119456
25120614
25125602
25127457
25127731
25136804
25145627
25153342
25154397
25156550
25157462
25161097
25164310
25165860
25173965
25174649
25174650
25174890
25175602
25176057
25181458
25195011
25198010
25201048
25201882
25206445
25214430
25215947
25217637
25218423
25219901
25222142
25226871
25228699
25229693
25232417
25239935
25242005
25243190
25245054
25256700
25258700
25260493
25263790
25269780
25271301
25274063
25280525
25284222
25285524
25287637
25288684
25292174
25296918
25299849
25301550
25301747
25305081
25309320
25309331
25309429
25310587
25311344
25315780
25316291
25316496
25316568
25317655
25322282
25326457
25330404
25330418
25336644
25338569
25339477
25342257
25343991
25351964
25353650
25354644
25355420
25356398
25358858
25360523
25363687
25370169
25374377
25375380
25375667
25376463
25377219
25377925
25378673
25378891
25393474
25393557
25393585
25394383
25401496
25401511
25401981
25404737
25405082
25406035
25412178
25413345
25416349
25416817
25421206
25421594
25427558
25428269
25434972
25442286
25445542
25446991
25449599
25453831
25455860
25456138
25456142
25457681
25462019
25464205
25466404
25467152
25470454
25471590
25472611
25474007
25475535
25478574
25478815
25483009
25487881
25493281
25496033
25496994
25500533
25501809
25501810
25503637
25510849
25511328
25514179
25521227
25522551
25527291
25527497
25529441
25533483
25534921
25540317
25540590
25541468
25542083
25542232
25543025
25545816
25551609
25557247
25558820
25560488
25562319
25562633
25565208
25572129
25576701
25581256
25586377
25591737
25597879
25602369
25603768
25605758
25607607
25608948
25609428
25609609
25609704
25609706
25611391
25612572
25619840
25623089
25623238
25623333
25623542
25626353
25627693
25631236
25637461
25650144
25653221
25655331
25655803
25660447
25666350
25670069
25675437
25680589
25695287
25695433
25700560
25700738
25703084
25706874
25712370
25714760
25716315
25721260
25724235
25724482
25724684
25726699
25728007
25731749
25732803
25734900
25737158
25737554
25737818
25743185
25745640
25747493
25749612
25750171
25760015
25761573
25772492
25776135
25779963
25784649
25785991
25786808
25787879
25791156
25791474
25791676
25792289
25792665
25801386
25804195
25804954
25806604
25809001
25816252
25821816
25825143
25826740
25830304
25831013
25833342
25834052
25836420
25839778
25840672
25843045
25844964
25846762
25847540
25847782
25849583
25854701
25855069
25861987
25862939
25868250
25869615
25869677
25875631
25883032
25885538
25891025
25894690
25897865
25899316
25899827
25899925
25904107
25911750
25915084
25915564
25919711
25921464
25926623
25934106
25937175
25938977
25939424
25939886
25941430
25945953
25946330
25952102
25952684
25953296
25954135
25961161
25962553
25966835
25969509
25976744
25984893
25987559
25989799
25996784
25998502
25998885
26001727
26005538
26009181
26010437
26011561
26011631
26014385
26016499
26018731
26019347
26020005
26021238
26023085
26035866
26046590
26046594
26047467
26051872
26056051
26056228
26059457
26062626
26067490
26068050
26070385
26071202
26078453
26081557
26085821
26089952
26090483
26096046
26097894
26100023
26100520
26101826
26109662
26110381
26110811
26116519
26116755
26117366
26123245
26123485
26148234
26154142
26158288
26159150
26159606
26161534
26161729
26162776
26166636
26169695
26173459
26177462
26182419
26184432
26192625
26198598
26205654
26213095
26216903
26222260
26234713
26234753
26235742
26235743
26237551
26240184
26245121
26251041
26251043
26253449
26253900
26254305
26258887
26260794
26266977
26268594
26268663
26269629
26270131
26270581
26274610
26282470
26282903
26284363
26287126
26288134
26290533
26303273
26306001
26306843
26307448
26307860
26310572
26311745
26313334
26316041
26317424
26340616
26341487
26346174
26354775
26355680
26356391
26356821
26357583
26363191
26363496
26365310
26365381
26366216
26366513
26371333
26375402
26377470
26377800
26381871
26382237
26384650
26385185
26389970
26394601
26395080
26396237
26399642
26403521
26405764
26407721
26410072
26417337
26419589
26428101
26430570
26435084
26436106
26436374
26440884
26448160
26451042
26456053
26465230
26465378
26468079
26469957
26471700
26471730
26475624
26476886
26477799
26483988
26485930
26488817
26497035
26498506
26499342
26502946
26503418
26503828
26509433
26511318
26512076
26512830
26512954
26514427
26514586
26514923
26516212
26518746
26519280
26519559
26522888
26526034
26530043
26531025
26536050
26538564
26541354
26545365
26546614
26550693
26551700
26555609
26558630
26559782
26560306
26577653
26584283
26586960
26593914
26597171
26600172
26600626
26610752
26619119
26619121
26622505
26627850
26631731
26631732
26632410
26633009
26646749
26649902
26651604
26667579
26675812
26677715
26678157
26682748
26685774
26686514
26687033
26698257
26698565
26708719
26710242
26716417
26721933
26726030
26727265
26732239
26734995
26738859
26744268
26744328
26744332
26746235
26746585
26751287
26758690
26763438
26770451
26776524
26778534
26781209
26783193
26784449
26785495
26794413
26807733
26808467
26823708
26824392
26831335
26834020
26838722
26838746
26844546
26847645
26850695
26853528
26854000
26857844
26861286
26864383
26865512
26866053
26867034
26868434
26872410
26872670
26874025
26878775
26882442
26886260
26889637
26891723
26892433
26892626
26893256
26893374
26894577
26898418
26899799
26902406
26903999
26905378
26906522
26910012
26914092
26916519
26916954
26917005
26924319
26924929
26927376
26928937
26930193
26931463
26931464
26935412
26936230
26936538
26939902
26942284
26943044
26943952
26945908
26959078
26962537
26972597
26975827
26979073
26982743
26985725
26987063
26987902
26987986
26988444
26988860
26996543
27001088
27002406
27003823
27004687
27005940
27010141
27013170
27013965
27016270
27017219
27021681
27023913
27032381
27032771
27034261
27034888
27035970
27041685
27045030
27049263
27050454
27050456
27054334
27054336
27057733
27063942
27064726
27067226
27076081
27081659
27083499
27084103
27084771
27086933
27087117
27089984
27091104
27091447
27091487
27091500
27093107
27094865
27099338
27102962
27106707
27107253
27110324
27110593
27110594
27111571
27112121
27115692
27119505
27122189
27125675
27127721
27131434
27133195
27143436
27145037
27148058
27148961
27153074
27153535
27158329
27169991
27171279
27174721
27176922
27191603
27199762
27203743
27215486
27216154
27220776
27221634
27228480
27230858
27233610
27234962
27235579
27239812
27242426
27242656
27245731
27247382
27248323
27260835
27265751
27270507
27273569
27275394
27283898
27294386
27295498
27297049
27297883
27299523
27299855
27302064
27308585
27313779
27314038
27318970
27324898
27325644
27330081
27330837
27331115
27334109
27336715
27338159
27341347
27345367
27346864
27347203
27357661
27364102
27374978
27377703
27378696
27383589
27384489
27385084
27393034
27393345
27393618
27394417
27399248
27401020
27401793
27404504
27406999
27411784
27412389
27413105
27413149
27413152
27413743
27422607
27423393
27423549
27424887
27428983
27430880
27432119
27440420
27445695
27446985
27449028
27450452
27453450
27455133
27456084
27458136
27459917
27461575
27463011
27473212
27474410
27475499
27484150
27484637
27485773
27492456
27496670
27503089
27506464
27506976
27507225
27509057
27517901
27518429
27521182
27521978
27527140
27528605
27534820
27539321
27542736
27543827
27546451
27551449
27553674
27556303
27565324
27565512
27567590
27568932
27574110
27575041
27578923
27583043
27585536
27590295
27592010
27592113
27597528
27598131
27598200
27599524
27605430
27610551
27613114
27613618
27618216
27619486
27619661
27621483
27627918
27628070
27631370
27633131
27638127
27640816
27641647
27653520
27654969
27657093
27658356
27666387
27667366
27668119
27669335
27669435
27670669
27677502
27679849
27679973
27692902
27694007
27697617
27698941
27699060
27699718
27702885
27703031
27706598
27709117
27709685
27711255
27716788
27717584
27720484
27723861
27728897
27731364
27734136
27737933
27742469
27748898
27754761
27761515
27761878
27769789
27777137
27779078
27779653
27788143
27790061
27793925
27794539
27794540
27798102
27798112
27802836
27807026
27812003
27812199
27813658
27814647
27814993
27819722
27830463
27832104
27833027
27839819
27839916
27840137
27841259
27843055
27843149
27846363
27852436
27853101
27855364
27855397
27859782
27859866
27863501
27864321
27869311
27872751
27872856
27876064
27876828
27878274
27883020
27890708
27898095
27901103
27903237
27904677
27906179
27907896
27911006
27911343
27913844
27913845
27914807
27916420
27919568
27919822
27926857
27936930
27937044
27939437
27941886
27943591
27959381
27974241
27975167
27986595
27989749
27992764
28007983
28011627
28011712
28011900
28017735
28024839
28024857
28028237
28033563
28041945
28054591
28060722
28060857
28062148
28062184
28068431
28071824
28072480
28073160
28075229
28075474
28090684
28092672
28096185
28098219
28098247
28099919
28101000
28102045
28103901
28104397
28106280
28106473
28112420
28112734
28115189
28115284
28115417
28119491
28119604
28120865
28122242
28124432
28125661
28127307
28129614
28131822
28137779
28148912
28158196
28158614
28165482
28165849
28167106
28168579
28173755
28174228
28176536
28178523
28186666
28188818
28194437
28202711
28205494
28206952
28211011
28211874
28213071
28215729
28218919
28219095
28222538
28223019
28229641
28231291
28231468
28232483
28232982
28235153
28237103
28238968
28240723
28245354
28251720
28257805
28259921
28274314
28276439
28280464
28281653
28282269
28283554
28286171
28289797
28289968
28292328
28294175
28301598
28302166
28316375
28320779
28321271
28321439
28323427
28324489
28325755
28327651
28330897
28331313
28336296
28340952
28347830
28351752
28352666
28353276
28353277
28353278
28353279
28353280
28353281
28353282
28353283
28353284
28353285
28353286
28353287
28353288
28358377
28360124
28361482
28361483
28361485
28366621
28368102
28368777
28370517
28383562
28383667
28384530
28390981
28395802
28395803
28395804
28395805
28397192
28398098
28398674
28399880
28402030
28403148
28406934
28407488
28407521
28408230
28408307
28409693
28420983
28427856
28428279
28428777
28431223
28433685
28434973
28435104
28438176
28438607
28443293
28445933
28453723
28455958
28465860
28469254
28472425
28477916
28482024
28485044
28487191
28488010
28496320
28497371
28502045
28504466
28504722
28505239
28507161
28508149
28508477
28511254
28511347
28512249
28515082
28529590
28529828
28529829
28531812
28533948
28535644
28536949
28541509
28552569
28552758
28553204
28554408
28556983
28559372
28561373
28562353
28573163
28576705
28580603
28582422
28584093
28586827
28588547
28598236
28600493
28602540
28602806
28608965
28609656
28614361
28615325
28616865
28618992
28639421
28641777
28643937
28646096
28647363
28647367
28648038
28649611
28649613
28649619
28650468
28656686
28659599
28661534
28663346
28664455
28670514
28673964
28679601
28680052
28680450
28681509
28683288
28683321
28683740
28684422
28685977
28688273
28689299
28689991
28697798
28698153
28700976
28704484
28710481
28716221
28716427
28716706
28720718
28722351
28723952
28725688
28729634
28731287
28740170
28747490
28751472
28752031
28765039
28766686
28767702
28768533
28769771
28771711
28774425
28777435
28778978
28781625
28782507
28782874
28789629
28799502
28802631
28802919
28803490
28806729
28806787
28807727
28815529
28816057
28817115
28817116
28819229
28821568
28826027
28837246
28848050
28848400
28849115
28849312
28851482
28860483
28864907
28867149
28871941
28876231
28880915
28885729
28887166
28888991
28890071
28890682
28893563
28893839
28893904
28894028
28895489
28903348
28906548
28912098
28914586
28918051
28922170
28928221
28930069
28930681
28930753
28933786
28934429
28938583
28941828
28943315
28945007
28945039
28945249
28958936
28959563
28962332
28962651
28971844
28973175
28973420
28973664
28973931
28975372
28976240
28978077
28980524
28982149
28982245
28984592
28991239
28991672
28992584
28993273
28994193
29017931
29022200
29022898
29023112
29025974
29028772
29029963
29031422
29033320
29036556
29038245
29040417
29044096
29048622
29050400
29052270
29052381
29054108
29054882
29056298
29061805
29077793
29079356
29080788
29088368
29088769
29089080
29091718
29097020
29101624
29102874
29103194
29107085
29107687
29107696
7499226
7499279
7860764
7876121
7890669
7929360
7969172
8001819
8137421
8205621
8530360
8557665
8621542
8626526
8631968
8632909
8637721
8654373
8662753
8674048
8702835
8805224
8824585
8830657
8846788
8887624
8892112
8896447
8900190
8910287
8913269
8943238
8967341
8994827
9006914
9020181
9020184
9020192
9032468
9054391
9054642
9090707
9092556
9108383
9111327
9115218
9122199
9124279
9136992
9154836
9162092
9182816
9188858
9195981
9199504
9213219
9218464
9257680
9260915
9277460
9278437
9291137
9325311
9331070
9354637
9360968
9368762
9370349
9374537
9388466
9393766
9393873
9407138
9409259
9412490
9415703
9422734
9427749
9430657
9430725
9435301
9452478
9467967
9475517
9476129
9484987
9487126
9488042
9497367
9513050
9516390
9521859
9524256
9525748
9533766
9535930
9538258
9598985
9600909
9605752
9620671
9622070
9624152
9624618
9636029
9642217
9642252
9648911
9653550
9661668
9664046
9671412
9674706
9712857
9712868
9714150
9720795
9731042
9733728
9736697
9748503
9756505
9763609
9774447
9786861
9792702
9799232
9808709
9822758
9838068
9841871
9851932
9889102
9895234
9918757
9925763
9926932
9927194
9989285
