10066822
10329651
10383391
10454518
10467423
10506137
10572094
10667594
10702794
10769637
10962206
11278263
11279232
11350959
11394874
11494044
11522656
11553624
11571020
11606564
11888903
11896587
11933078
12151316
12417588
12426127
12624093
12637525
12788955
12857751
12898508
12968034
14555208
14632935
14972450
15013949
15170815
15184882
15270080
15362974
15546960
15550455
15572687
15611127
15642137
15735102
15936221
16043490
16126734
16176806
16179969
16256366
16278378
16297712
16352719
16672980
16672981
16815888
16942465
16984892
16984917
16989819
17060589
17074809
17292881
17374178
17408985
17447891
17486086
17510397
17510710
17583492
17591974
17637928
17639429
17785791
17875713
17875734
17962441
17987264
18003639
18032450
18163459
18182054
18218857
18287089
18307971
18334556
18348256
18359116
18367605
18397367
18439101
18443042
18443288
18445495
18495756
18586278
18607069
18651223
18675914
18701920
18838864
18936941
18952597
19043087
19056353
19118185
19152501
19167501
19176810
19196961
19201899
19204086
19229105
19276113
19280714
19302196
19358826
19492085
19535993
19536328
19559761
19670268
19680143
19692353
19693773
19766627
19782079
19806201
19878656
19880420
19890007
19903772
19904745
19909785
19944115
19966284
20027304
20031277
20049710
20067578
20074637
20090955
20098416
20127702
20130188
20144646
20153330
20164189
20171192
20179104
20194754
20200402
20308057
20404107
20404936
20457918
20483637
20508036
20517466
20534829
20624856
20642453
20659558
20671708
20701602
20795948
20842103
20871098
20876399
20921534
20939017
20940149
21048939
21092208
21112663
21115803
21131737
21138942
21151955
21159966
21167764
21177249
21297631
21355049
21366594
21408142
21426348
21443920
21454543
21460183
21521634
21613270
21636835
21637291
21658387
21660049
21672589
21686713
21695257
21779479
21850687
21857923
21945539
21983832
21989109
22078885
22110348
22110360
22161830
22171073
22171160
22204929
22212487
22228096
22230652
22238344
22280891
22302802
22303461
22331607
22345427
22354088
22354990
22357653
22363216
22378780
22393355
22396657
22461429
22496842
22539006
22567899
22612223
22639965
22644775
22645651
22696236
22824191
22850484
22872702
22899650
22910362
22952686
22988879
23055502
23060438
23139803
23183827
23220480
23255093
23256036
23261432
23261939
23318930
23328674
23348839
23393160
23418897
23449626
23455607
23472874
23498974
23503661
23509287
23512893
23515333
23519076
23525905
23526378
23577227
23585721
23620051
23626584
23664753
23675505
23745250
23751051
23754282
23768694
23813973
23867819
23885119
23886663
23898514
23924694
23959866
24064060
24088173
24113872
24121706
24149440
24149988
24165324
24167564
24189060
24251413
24282027
24339771
24351927
24357652
24414258
24459295
24464040
24475098
24479685
24510904
24626860
24635351
24647965
24652679
24703837
24743735
24751536
24754922
24784582
24788225
24792928
24794857
24802135
24833599
24870025
24878071
24879156
24896179
24898855
24901221
24915984
24916379
24918286
24942733
24946738
24947832
24962176
25058378
25060553
25071441
25080504
25083992
25108683
25145627
25201882
25215947
25217637
25229693
25284222
25285524
25301747
25305081
25309320
25309331
25356398
25358858
25360523
25375667
25456142
25483009
25500533
25527291
25527497
25533483
25534921
25565208
25605758
25609428
25609704
25670069
25706874
25724482
25734900
25791474
25846762
25847540
25854701
25885538
25894690
25899925
25939886
25969509
25989799
26010437
26014385
26019347
26035866
26056228
26101826
26116519
26116755
26117366
26123245
26148234
26161729
26162776
26222260
26251043
26253449
26254305
26258887
26260794
26266977
26268594
26284363
26355680
26375402
26436374
26471730
26503418
26509433
26526034
26555609
26560306
26584283
26678157
26744328
26758690
26785495
26807733
26853528
26868434
26882442
26892626
26931463
27023913
27054334
27242426
27273569
27302064
27336715
27346864
27393618
27413152
27423549
27432119
27450452
27456084
27463011
27474410
27509057
27518429
27528605
27534820
27542736
27551449
27565324
27597528
27605430
27618216
27621483
27631370
27669435
27679849
27720484
27737933
27798112
27807026
27812199
27830463
27843055
27872856
27890708
27906179
27914807
27959381
28007983
28028237
28060722
28103901
28104397
28120865
28122242
28137779
28202711
28222538
28276439
28281653
28292328
28320779
28330897
28340952
28347830
28407488
28407521
28438176
28453723
28482024
28487191
28529829
28541509
28553204
28556983
28573163
28580603
28598236
28681509
28697798
28720718
28768533
28778978
28819229
28821568
28851482
28860483
28894028
28945249
28973175
28973931
28978077
8830657
9108383
9115218
9393873
9407138
9620671
9622070
9636029
9925763
